450
0 1 7 6 36 37 43 42 
1 2 8 7 37 38 44 43 
2 3 9 8 38 39 45 44 
3 4 10 9 39 40 46 45 
4 5 11 10 40 41 47 46 
6 7 13 12 42 43 49 48 
7 8 14 13 43 44 50 49 
8 9 15 14 44 45 51 50 
9 10 16 15 45 46 52 51 
10 11 17 16 46 47 53 52 
12 13 19 18 48 49 55 54 
13 14 20 19 49 50 56 55 
14 15 21 20 50 51 57 56 
15 16 22 21 51 52 58 57 
16 17 23 22 52 53 59 58 
18 19 25 24 54 55 61 60 
19 20 26 25 55 56 62 61 
20 21 27 26 56 57 63 62 
21 22 28 27 57 58 64 63 
22 23 29 28 58 59 65 64 
24 25 31 30 60 61 67 66 
25 26 32 31 61 62 68 67 
26 27 33 32 62 63 69 68 
27 28 34 33 63 64 70 69 
28 29 35 34 64 65 71 70 
36 37 43 42 72 73 79 78 
37 38 44 43 73 74 80 79 
38 39 45 44 74 75 81 80 
39 40 46 45 75 76 82 81 
40 41 47 46 76 77 83 82 
42 43 49 48 78 79 85 84 
43 44 50 49 79 80 86 85 
44 45 51 50 80 81 87 86 
45 46 52 51 81 82 88 87 
46 47 53 52 82 83 89 88 
48 49 55 54 84 85 91 90 
49 50 56 55 85 86 92 91 
50 51 57 56 86 87 93 92 
51 52 58 57 87 88 94 93 
52 53 59 58 88 89 95 94 
54 55 61 60 90 91 97 96 
55 56 62 61 91 92 98 97 
56 57 63 62 92 93 99 98 
57 58 64 63 93 94 100 99 
58 59 65 64 94 95 101 100 
60 61 67 66 96 97 103 102 
61 62 68 67 97 98 104 103 
62 63 69 68 98 99 105 104 
63 64 70 69 99 100 106 105 
64 65 71 70 100 101 107 106 
72 73 79 78 108 109 115 114 
73 74 80 79 109 110 116 115 
74 75 81 80 110 111 117 116 
75 76 82 81 111 112 118 117 
76 77 83 82 112 113 119 118 
78 79 85 84 114 115 121 120 
79 80 86 85 115 116 122 121 
80 81 87 86 116 117 123 122 
81 82 88 87 117 118 124 123 
82 83 89 88 118 119 125 124 
84 85 91 90 120 121 127 126 
85 86 92 91 121 122 128 127 
86 87 93 92 122 123 129 128 
87 88 94 93 123 124 130 129 
88 89 95 94 124 125 131 130 
90 91 97 96 126 127 133 132 
91 92 98 97 127 128 134 133 
92 93 99 98 128 129 135 134 
93 94 100 99 129 130 136 135 
94 95 101 100 130 131 137 136 
96 97 103 102 132 133 139 138 
97 98 104 103 133 134 140 139 
98 99 105 104 134 135 141 140 
99 100 106 105 135 136 142 141 
100 101 107 106 136 137 143 142 
5 144 149 11 41 174 179 47 
144 145 150 149 174 175 180 179 
145 146 151 150 175 176 181 180 
146 147 152 151 176 177 182 181 
147 148 153 152 177 178 183 182 
11 149 154 17 47 179 184 53 
149 150 155 154 179 180 185 184 
150 151 156 155 180 181 186 185 
151 152 157 156 181 182 187 186 
152 153 158 157 182 183 188 187 
17 154 159 23 53 184 189 59 
154 155 160 159 184 185 190 189 
155 156 161 160 185 186 191 190 
156 157 162 161 186 187 192 191 
157 158 163 162 187 188 193 192 
23 159 164 29 59 189 194 65 
159 160 165 164 189 190 195 194 
160 161 166 165 190 191 196 195 
161 162 167 166 191 192 197 196 
162 163 168 167 192 193 198 197 
29 164 169 35 65 194 199 71 
164 165 170 169 194 195 200 199 
165 166 171 170 195 196 201 200 
166 167 172 171 196 197 202 201 
167 168 173 172 197 198 203 202 
41 174 179 47 77 204 209 83 
174 175 180 179 204 205 210 209 
175 176 181 180 205 206 211 210 
176 177 182 181 206 207 212 211 
177 178 183 182 207 208 213 212 
47 179 184 53 83 209 214 89 
179 180 185 184 209 210 215 214 
180 181 186 185 210 211 216 215 
181 182 187 186 211 212 217 216 
182 183 188 187 212 213 218 217 
53 184 189 59 89 214 219 95 
184 185 190 189 214 215 220 219 
185 186 191 190 215 216 221 220 
186 187 192 191 216 217 222 221 
187 188 193 192 217 218 223 222 
59 189 194 65 95 219 224 101 
189 190 195 194 219 220 225 224 
190 191 196 195 220 221 226 225 
191 192 197 196 221 222 227 226 
192 193 198 197 222 223 228 227 
65 194 199 71 101 224 229 107 
194 195 200 199 224 225 230 229 
195 196 201 200 225 226 231 230 
196 197 202 201 226 227 232 231 
197 198 203 202 227 228 233 232 
77 204 209 83 113 234 239 119 
204 205 210 209 234 235 240 239 
205 206 211 210 235 236 241 240 
206 207 212 211 236 237 242 241 
207 208 213 212 237 238 243 242 
83 209 214 89 119 239 244 125 
209 210 215 214 239 240 245 244 
210 211 216 215 240 241 246 245 
211 212 217 216 241 242 247 246 
212 213 218 217 242 243 248 247 
89 214 219 95 125 244 249 131 
214 215 220 219 244 245 250 249 
215 216 221 220 245 246 251 250 
216 217 222 221 246 247 252 251 
217 218 223 222 247 248 253 252 
95 219 224 101 131 249 254 137 
219 220 225 224 249 250 255 254 
220 221 226 225 250 251 256 255 
221 222 227 226 251 252 257 256 
222 223 228 227 252 253 258 257 
101 224 229 107 137 254 259 143 
224 225 230 229 254 255 260 259 
225 226 231 230 255 256 261 260 
226 227 232 231 256 257 262 261 
227 228 233 232 257 258 263 262 
148 264 269 153 178 294 299 183 
264 265 270 269 294 295 300 299 
265 266 271 270 295 296 301 300 
266 267 272 271 296 297 302 301 
267 268 273 272 297 298 303 302 
153 269 274 158 183 299 304 188 
269 270 275 274 299 300 305 304 
270 271 276 275 300 301 306 305 
271 272 277 276 301 302 307 306 
272 273 278 277 302 303 308 307 
158 274 279 163 188 304 309 193 
274 275 280 279 304 305 310 309 
275 276 281 280 305 306 311 310 
276 277 282 281 306 307 312 311 
277 278 283 282 307 308 313 312 
163 279 284 168 193 309 314 198 
279 280 285 284 309 310 315 314 
280 281 286 285 310 311 316 315 
281 282 287 286 311 312 317 316 
282 283 288 287 312 313 318 317 
168 284 289 173 198 314 319 203 
284 285 290 289 314 315 320 319 
285 286 291 290 315 316 321 320 
286 287 292 291 316 317 322 321 
287 288 293 292 317 318 323 322 
178 294 299 183 208 324 329 213 
294 295 300 299 324 325 330 329 
295 296 301 300 325 326 331 330 
296 297 302 301 326 327 332 331 
297 298 303 302 327 328 333 332 
183 299 304 188 213 329 334 218 
299 300 305 304 329 330 335 334 
300 301 306 305 330 331 336 335 
301 302 307 306 331 332 337 336 
302 303 308 307 332 333 338 337 
188 304 309 193 218 334 339 223 
304 305 310 309 334 335 340 339 
305 306 311 310 335 336 341 340 
306 307 312 311 336 337 342 341 
307 308 313 312 337 338 343 342 
193 309 314 198 223 339 344 228 
309 310 315 314 339 340 345 344 
310 311 316 315 340 341 346 345 
311 312 317 316 341 342 347 346 
312 313 318 317 342 343 348 347 
198 314 319 203 228 344 349 233 
314 315 320 319 344 345 350 349 
315 316 321 320 345 346 351 350 
316 317 322 321 346 347 352 351 
317 318 323 322 347 348 353 352 
208 324 329 213 238 354 359 243 
324 325 330 329 354 355 360 359 
325 326 331 330 355 356 361 360 
326 327 332 331 356 357 362 361 
327 328 333 332 357 358 363 362 
213 329 334 218 243 359 364 248 
329 330 335 334 359 360 365 364 
330 331 336 335 360 361 366 365 
331 332 337 336 361 362 367 366 
332 333 338 337 362 363 368 367 
218 334 339 223 248 364 369 253 
334 335 340 339 364 365 370 369 
335 336 341 340 365 366 371 370 
336 337 342 341 366 367 372 371 
337 338 343 342 367 368 373 372 
223 339 344 228 253 369 374 258 
339 340 345 344 369 370 375 374 
340 341 346 345 370 371 376 375 
341 342 347 346 371 372 377 376 
342 343 348 347 372 373 378 377 
228 344 349 233 258 374 379 263 
344 345 350 349 374 375 380 379 
345 346 351 350 375 376 381 380 
346 347 352 351 376 377 382 381 
347 348 353 352 377 378 383 382 
268 384 388 273 298 408 412 303 
384 385 389 388 408 409 413 412 
385 386 390 389 409 410 414 413 
386 387 391 390 410 411 415 414 
387 0 6 391 411 36 42 415 
273 388 392 278 303 412 416 308 
388 389 393 392 412 413 417 416 
389 390 394 393 413 414 418 417 
390 391 395 394 414 415 419 418 
391 6 12 395 415 42 48 419 
278 392 396 283 308 416 420 313 
392 393 397 396 416 417 421 420 
393 394 398 397 417 418 422 421 
394 395 399 398 418 419 423 422 
395 12 18 399 419 48 54 423 
283 396 400 288 313 420 424 318 
396 397 401 400 420 421 425 424 
397 398 402 401 421 422 426 425 
398 399 403 402 422 423 427 426 
399 18 24 403 423 54 60 427 
288 400 404 293 318 424 428 323 
400 401 405 404 424 425 429 428 
401 402 406 405 425 426 430 429 
402 403 407 406 426 427 431 430 
403 24 30 407 427 60 66 431 
298 408 412 303 328 432 436 333 
408 409 413 412 432 433 437 436 
409 410 414 413 433 434 438 437 
410 411 415 414 434 435 439 438 
411 36 42 415 435 72 78 439 
303 412 416 308 333 436 440 338 
412 413 417 416 436 437 441 440 
413 414 418 417 437 438 442 441 
414 415 419 418 438 439 443 442 
415 42 48 419 439 78 84 443 
308 416 420 313 338 440 444 343 
416 417 421 420 440 441 445 444 
417 418 422 421 441 442 446 445 
418 419 423 422 442 443 447 446 
419 48 54 423 443 84 90 447 
313 420 424 318 343 444 448 348 
420 421 425 424 444 445 449 448 
421 422 426 425 445 446 450 449 
422 423 427 426 446 447 451 450 
423 54 60 427 447 90 96 451 
318 424 428 323 348 448 452 353 
424 425 429 428 448 449 453 452 
425 426 430 429 449 450 454 453 
426 427 431 430 450 451 455 454 
427 60 66 431 451 96 102 455 
328 432 436 333 358 456 460 363 
432 433 437 436 456 457 461 460 
433 434 438 437 457 458 462 461 
434 435 439 438 458 459 463 462 
435 72 78 439 459 108 114 463 
333 436 440 338 363 460 464 368 
436 437 441 440 460 461 465 464 
437 438 442 441 461 462 466 465 
438 439 443 442 462 463 467 466 
439 78 84 443 463 114 120 467 
338 440 444 343 368 464 468 373 
440 441 445 444 464 465 469 468 
441 442 446 445 465 466 470 469 
442 443 447 446 466 467 471 470 
443 84 90 447 467 120 126 471 
343 444 448 348 373 468 472 378 
444 445 449 448 468 469 473 472 
445 446 450 449 469 470 474 473 
446 447 451 450 470 471 475 474 
447 90 96 451 471 126 132 475 
348 448 452 353 378 472 476 383 
448 449 453 452 472 473 477 476 
449 450 454 453 473 474 478 477 
450 451 455 454 474 475 479 478 
451 96 102 455 475 132 138 479 
30 31 480 407 66 67 496 431 
31 32 481 480 67 68 497 496 
32 33 482 481 68 69 498 497 
33 34 483 482 69 70 499 498 
34 35 169 483 70 71 199 499 
407 480 484 406 431 496 500 430 
480 481 485 484 496 497 501 500 
481 482 486 485 497 498 502 501 
482 483 487 486 498 499 503 502 
483 169 170 487 499 199 200 503 
406 484 488 405 430 500 504 429 
484 485 489 488 500 501 505 504 
485 486 490 489 501 502 506 505 
486 487 491 490 502 503 507 506 
487 170 171 491 503 200 201 507 
405 488 492 404 429 504 508 428 
488 489 493 492 504 505 509 508 
489 490 494 493 505 506 510 509 
490 491 495 494 506 507 511 510 
491 171 172 495 507 201 202 511 
404 492 292 293 428 508 322 323 
492 493 291 292 508 509 321 322 
493 494 290 291 509 510 320 321 
494 495 289 290 510 511 319 320 
495 172 173 289 511 202 203 319 
66 67 496 431 102 103 512 455 
67 68 497 496 103 104 513 512 
68 69 498 497 104 105 514 513 
69 70 499 498 105 106 515 514 
70 71 199 499 106 107 229 515 
431 496 500 430 455 512 516 454 
496 497 501 500 512 513 517 516 
497 498 502 501 513 514 518 517 
498 499 503 502 514 515 519 518 
499 199 200 503 515 229 230 519 
430 500 504 429 454 516 520 453 
500 501 505 504 516 517 521 520 
501 502 506 505 517 518 522 521 
502 503 507 506 518 519 523 522 
503 200 201 507 519 230 231 523 
429 504 508 428 453 520 524 452 
504 505 509 508 520 521 525 524 
505 506 510 509 521 522 526 525 
506 507 511 510 522 523 527 526 
507 201 202 511 523 231 232 527 
428 508 322 323 452 524 352 353 
508 509 321 322 524 525 351 352 
509 510 320 321 525 526 350 351 
510 511 319 320 526 527 349 350 
511 202 203 319 527 232 233 349 
102 103 512 455 138 139 528 479 
103 104 513 512 139 140 529 528 
104 105 514 513 140 141 530 529 
105 106 515 514 141 142 531 530 
106 107 229 515 142 143 259 531 
455 512 516 454 479 528 532 478 
512 513 517 516 528 529 533 532 
513 514 518 517 529 530 534 533 
514 515 519 518 530 531 535 534 
515 229 230 519 531 259 260 535 
454 516 520 453 478 532 536 477 
516 517 521 520 532 533 537 536 
517 518 522 521 533 534 538 537 
518 519 523 522 534 535 539 538 
519 230 231 523 535 260 261 539 
453 520 524 452 477 536 540 476 
520 521 525 524 536 537 541 540 
521 522 526 525 537 538 542 541 
522 523 527 526 538 539 543 542 
523 231 232 527 539 261 262 543 
452 524 352 353 476 540 382 383 
524 525 351 352 540 541 381 382 
525 526 350 351 541 542 380 381 
526 527 349 350 542 543 379 380 
527 232 233 349 543 262 263 379 
268 267 544 384 298 297 560 408 
267 266 545 544 297 296 561 560 
266 265 546 545 296 295 562 561 
265 264 547 546 295 294 563 562 
264 148 147 547 294 178 177 563 
384 544 548 385 408 560 564 409 
544 545 549 548 560 561 565 564 
545 546 550 549 561 562 566 565 
546 547 551 550 562 563 567 566 
547 147 146 551 563 177 176 567 
385 548 552 386 409 564 568 410 
548 549 553 552 564 565 569 568 
549 550 554 553 565 566 570 569 
550 551 555 554 566 567 571 570 
551 146 145 555 567 176 175 571 
386 552 556 387 410 568 572 411 
552 553 557 556 568 569 573 572 
553 554 558 557 569 570 574 573 
554 555 559 558 570 571 575 574 
555 145 144 559 571 175 174 575 
387 556 1 0 411 572 37 36 
556 557 2 1 572 573 38 37 
557 558 3 2 573 574 39 38 
558 559 4 3 574 575 40 39 
559 144 5 4 575 174 41 40 
298 297 560 408 328 327 576 432 
297 296 561 560 327 326 577 576 
296 295 562 561 326 325 578 577 
295 294 563 562 325 324 579 578 
294 178 177 563 324 208 207 579 
408 560 564 409 432 576 580 433 
560 561 565 564 576 577 581 580 
561 562 566 565 577 578 582 581 
562 563 567 566 578 579 583 582 
563 177 176 567 579 207 206 583 
409 564 568 410 433 580 584 434 
564 565 569 568 580 581 585 584 
565 566 570 569 581 582 586 585 
566 567 571 570 582 583 587 586 
567 176 175 571 583 206 205 587 
410 568 572 411 434 584 588 435 
568 569 573 572 584 585 589 588 
569 570 574 573 585 586 590 589 
570 571 575 574 586 587 591 590 
571 175 174 575 587 205 204 591 
411 572 37 36 435 588 73 72 
572 573 38 37 588 589 74 73 
573 574 39 38 589 590 75 74 
574 575 40 39 590 591 76 75 
575 174 41 40 591 204 77 76 
328 327 576 432 358 357 592 456 
327 326 577 576 357 356 593 592 
326 325 578 577 356 355 594 593 
325 324 579 578 355 354 595 594 
324 208 207 579 354 238 237 595 
432 576 580 433 456 592 596 457 
576 577 581 580 592 593 597 596 
577 578 582 581 593 594 598 597 
578 579 583 582 594 595 599 598 
579 207 206 583 595 237 236 599 
433 580 584 434 457 596 600 458 
580 581 585 584 596 597 601 600 
581 582 586 585 597 598 602 601 
582 583 587 586 598 599 603 602 
583 206 205 587 599 236 235 603 
434 584 588 435 458 600 604 459 
584 585 589 588 600 601 605 604 
585 586 590 589 601 602 606 605 
586 587 591 590 602 603 607 606 
587 205 204 591 603 235 234 607 
435 588 73 72 459 604 109 108 
588 589 74 73 604 605 110 109 
589 590 75 74 605 606 111 110 
590 591 76 75 606 607 112 111 
591 204 77 76 607 234 113 112 
